215
101
200
205
233
54
89
198
76
145
127
165
1
137
244
235
168
188
51
162
23
78
5
210
60
117
55
18
255
21
9
219
169
99
175
150
144
250
12
206
153
39
10
232
104
119
0
239
62
245
158
68
91
187
4
125
27
24
148
71
106
37
237
227
115
16
13
20
164
193
65
29
152
243
73
3
42
209
191
141
201
110
50
15
226
79
124
48
146
203
248
17
199
43
11
74
159
84
41
242
34
134
90
95
126
238
202
171
92
35
224
155
176
30
140
40
69
174
85
103
38
138
52
81
253
247
214
112
223
100
167
160
204
163
72
128
151
231
157
97
58
61
147
80
133
107
22
139
218
252
217
230
161
166
207
19
111
177
6
105
46
93
64
121
28
183
246
178
56
173
14
36
172
249
222
189
129
154
32
33
113
25
123
216
88
192
135
47
208
70
228
102
53
120
196
240
49
251
59
156
254
241
118
8
96
136
44
26
57
212
185
181
67
211
45
63
229
142
220
179
190
98
77
82
116
143
180
75
225
170
2
31
195
149
221
83
66
7
184
236
122
87
114
108
132
109
94
194
197
86
131
182
130
234
186
213
